$ 1 0.000005 21.593987231061412 53 5 43 5e-11
d 48 256 96 256 2 1N5711
d 48 208 96 208 2 1N5711
d 48 160 96 160 2 1N5711
z 160 208 208 208 2 default-zener
r 128 272 128 336 0 10000
w 128 272 128 256 0
w 96 256 128 256 0
w 128 256 128 208 0
w 96 208 128 208 0
w 128 208 128 160 0
w 96 160 128 160 0
R 128 336 128 368 0 0 40 -12 0 0 0.5
L 0 256 -32 256 0 1 false -12 0
L 0 208 -32 208 0 1 false -12 0
L 0 160 -32 160 0 1 false -12 0
w 0 160 32 160 0
w 32 160 48 160 0
w 48 208 0 208 0
w 0 256 48 256 0
w 128 208 160 208 0
r 240 208 240 144 0 39000
R 240 144 240 112 0 0 40 6 0 0 0.5
w 208 208 240 208 0
w 240 208 288 208 0
32 Ger 0 1e-13 0 0 1.5 0 0 2 0.6 0.6 0 0 1
t 288 208 320 208 0 -1 -0.33941874381050313 -0.39684658028951036 100 Ger
g 320 192 320 176 0 0
r 320 256 320 336 0 1000
R 320 336 320 368 0 0 40 -12 0 0 0.5
w 320 256 320 224 0
r 400 256 480 256 0 1000
c 400 208 480 208 4 7.5e-11 0.18306477207155086 0.001 0
r 496 208 496 144 0 10000
R 496 144 496 112 0 0 40 6 0 0 0.5
w 320 256 400 256 0
w 400 256 400 208 0
w 480 256 480 208 0
w 480 208 496 208 0
t 512 208 560 208 0 1 -0.2404926085505581 0.4254816501370443 100 Ger
w 496 208 512 208 0
g 560 192 560 176 0 0
c 480 256 560 256 4 7.5e-11 0.4254816501370443 0.001 0
w 560 224 560 256 0
r 560 256 560 336 0 10000
R 560 336 560 368 0 0 40 -12 0 0 0.5
w 560 256 656 256 0
g 496 -48 496 -64 0 0
r 496 0 496 48 0 1000
r 496 -48 496 0 0 3300
R 496 48 496 80 0 0 40 -12 0 0 0.5
t 544 0 576 0 0 1 -9.189097236683828 0.31435631870816216 100 Ger
w 496 0 544 0 0
g 576 -48 576 -64 0 0
r 576 -48 576 -16 0 330
r 576 16 576 48 0 39000
R 576 48 576 80 0 0 40 -12 0 0 0.5
w 576 16 656 16 0
d 656 208 656 256 2 default
w 656 16 656 208 0
t 784 240 832 240 1 -1 -0.38108261308838776 -0.426020710912819 100 Ger
r 784 288 784 352 0 2000
R 784 352 784 384 0 0 40 -12 0 0 0.5
w 656 256 832 256 0
34 diodemodel 0 1.7143528192810002e-7 0 1.8 0 0
d 864 256 864 224 2 diodemodel
w 832 256 864 256 0
w 832 224 864 224 0
t 896 256 928 256 0 1 0.044938097824431256 0.4208869018019946 100 Ger
w 864 256 896 256 0
w 928 240 928 224 0
w 864 224 928 224 0
r 928 224 928 176 0 10000
g 928 176 928 160 0 0
r 928 288 928 352 0 180
R 928 352 928 384 0 0 40 -12 0 0 0.5
r 1120 224 1152 224 0 560
172 1168 224 1200 224 0 7 -8.76 0 -12 0 0.5 Voltage
w 1152 224 1168 224 0
c 960 288 960 256 4 1e-8 -1.086861160489597 0.001 0
w 928 288 960 288 0
g 960 256 960 240 0 0
w 928 272 928 288 0
w 784 240 784 288 0
b 1072 160 1231 300 0
x 1086 184 1130 187 4 24 Test
368 656 208 704 208 0 0
w 928 224 1088 224 0
s 1120 224 1088 224 0 0 false
