$ 1 0.000005 10.20027730826997 50 5 43 5e-11
R 480 192 480 224 0 0 40 -12 0 0 0.5
R 176 192 176 224 0 0 40 -12 0 0 0.5
r 480 144 480 192 0 5100
r 176 144 176 192 0 5100
w 448 144 480 144 0
w 144 144 176 144 0
w 496 240 448 240 0
w 192 240 144 240 0
w 400 192 400 288 0
w 288 288 400 288 0
w 96 288 288 288 0
w 96 192 96 288 0
d 288 288 288 320 2 default
g 288 320 288 336 0 0
w -208 192 -208 0 0
w 336 -16 400 -16 0
w 272 -16 192 -16 0
w 336 16 272 -16 0
w 272 16 336 -16 0
w 112 16 272 16 0
w 480 16 336 16 0
R 448 -112 448 -144 0 0 40 6 0 0 0.5
r 448 -48 448 -112 0 39000
w 448 96 448 -16 0
w 144 -16 144 96 0
w 608 240 496 240 0
t 448 -16 480 -16 0 -1 -0.5983617978745486 -0.6638299196727581 100 default
r 480 16 480 48 0 1000
R 480 48 480 80 0 0 40 -12 0 0 0.5
w 480 16 480 0 0
g 480 -32 480 -48 0 0
w 448 -48 448 -16 0
c 448 -16 400 -16 4 7.5e-11 7.267430315586775 0.001 0
r 448 -48 400 -48 0 5100
w 400 -48 400 -16 0
w 192 -48 192 -16 0
r 144 -48 192 -48 0 5100
c 144 -16 192 -16 4 7.5e-11 0.7006754471286308 0.001 0
w 16 -160 96 -160 0
w 144 -48 144 -16 0
g 112 -32 112 -48 0 0
w 112 16 112 0 0
R 112 48 112 80 0 0 40 -12 0 0 0.5
r 112 16 112 48 0 1000
t 144 -16 112 -16 0 -1 8.566467560589954 0.6352073253304213 100 default
w -16 192 96 192 0
w -16 448 -16 192 0
w 608 448 608 240 0
w 192 448 192 240 0
r 448 192 448 144 0 510
d 448 240 448 192 2 default
c 400 144 400 192 4 7.5e-9 0.0005170935799476695 0.001 0
w 400 144 448 144 0
d 448 144 448 96 2 default
d 144 144 144 96 2 default
w 96 144 144 144 0
c 96 144 96 192 4 7.5e-9 0.000517093579935235 0.001 0
d 144 240 144 192 2 default
r 144 192 144 144 0 510
r 560 448 560 496 0 2000
r 528 368 528 432 0 39000
t 528 432 560 432 0 -1 16.974032217305393 4.974037882373975 100 default
g 560 416 560 400 0 0
R 560 496 560 528 0 0 40 -12 0 0 0.5
w 560 448 608 448 0
w 528 432 512 432 0
R 528 368 528 336 0 0 40 6 0 0 0.5
c 480 400 512 400 4 7.5e-11 -5.464108569271817 0.001 0
z 480 432 512 432 2 default-zener
w 512 400 512 432 0
w 480 400 480 432 0
r 480 432 480 496 0 5100
R 480 496 480 528 0 0 40 -12 0 0 0.5
d 448 432 480 432 2 default
L 448 432 416 432 0 0 false -12 0
r 144 448 144 496 0 2000
r 112 368 112 432 0 39000
t 112 432 144 432 0 -1 16.974032217305393 4.974037882373976 100 default
g 144 416 144 400 0 0
R 144 496 144 528 0 0 40 -12 0 0 0.5
w 144 448 192 448 0
w 112 432 96 432 0
R 112 368 112 336 0 0 40 6 0 0 0.5
c 64 400 96 400 4 7.5e-11 -5.464108569271818 0.001 0
z 64 432 96 432 2 default-zener
w 96 400 96 432 0
w 64 400 64 432 0
r 64 432 64 496 0 5100
R 64 496 64 528 0 0 40 -12 0 0 0.5
d 32 432 64 432 2 default
L 32 432 0 432 0 0 false -12 0
L -176 432 -208 432 0 0 false -12 0
d -176 432 -144 432 2 default
R -144 496 -144 528 0 0 40 -12 0 0 0.5
r -144 432 -144 496 0 5100
w -144 400 -144 432 0
w -112 400 -112 432 0
z -144 432 -112 432 2 default-zener
c -144 400 -112 400 4 7.5e-11 -5.464108569272144 0.001 0
R -96 368 -96 336 0 0 40 6 0 0 0.5
w -96 432 -112 432 0
w -64 448 -16 448 0
R -64 496 -64 528 0 0 40 -12 0 0 0.5
g -64 416 -64 400 0 0
t -96 432 -64 432 0 -1 16.97369495366376 4.974037882374309 100 default
r -96 368 -96 432 0 39000
r -64 448 -64 496 0 2000
w -208 -176 -192 -176 0
w -208 0 -208 -176 0
r -256 192 -256 240 0 2000
r -288 112 -288 176 0 39000
t -288 176 -256 176 0 -1 16.973694953663752 4.97403788237431 100 default
g -256 160 -256 144 0 0
R -256 240 -256 272 0 0 40 -12 0 0 0.5
w -256 192 -208 192 0
w -288 176 -304 176 0
R -288 112 -288 80 0 0 40 6 0 0 0.5
c -336 144 -304 144 4 7.5e-11 -5.4641085692721445 0.001 0
z -336 176 -304 176 2 default-zener
w -304 144 -304 176 0
w -336 144 -336 176 0
r -336 176 -336 240 0 5100
R -336 240 -336 272 0 0 40 -12 0 0 0.5
d -368 176 -336 176 2 default
L -368 176 -400 176 0 0 false -12 0
R -144 -80 -144 -48 0 0 40 -12 0 0 0.5
r -144 -128 -144 -80 0 10000
d -192 -176 -144 -176 2 default
w -240 -128 -192 -128 0
w -144 -176 -128 -176 0
w -144 -128 -144 -176 0
d -192 -128 -144 -128 2 default
R -240 -80 -240 -48 0 0 40 -12 0 0 0.5
r -240 -128 -240 -80 0 10000
r -240 -176 -240 -128 0 10000
g -240 -176 -240 -192 0 0
w -80 -176 -64 -176 0
c -80 -176 -128 -176 4 4.7000000000000004e-8 14.265677437924413 0.001 0
w -64 -272 -16 -272 0
w -64 -224 -64 -272 0
r -64 -176 -64 -224 0 5100
R -16 -272 -16 -304 0 0 40 6 0 0 0.5
R -16 -80 -16 -48 0 0 40 -12 0 0 0.5
w -16 -160 -16 -128 0
r -16 -128 -16 -80 0 6800
w -16 -160 16 -160 0
w -16 -192 16 -192 0
r 16 -192 16 -160 0 6800
w -16 -240 -16 -192 0
w -16 -240 16 -240 0
w -16 -272 16 -272 0
d -16 -272 -16 -240 2 default
c 16 -240 16 -272 4 1e-8 -0.46172921612353246 0.001 0
t -64 -176 -16 -176 0 -1 9.230864498906021 0.46172916850778556 100 default
d 96 -160 96 -96 2 default
r 80 16 80 -48 0 3000
r 512 16 512 -48 0 3000
g 512 -48 512 -64 0 0
g 80 -48 80 -64 0 0
w 80 16 112 16 0
w 512 16 480 16 0
r 144 -48 144 -112 0 39000
R 144 -112 144 -144 0 0 40 6 0 0 0.5
o 24 64 0 4099 10 0.003125 0 2 24 3
